
set 1
[[0.01592585]]
[[0.01704529]]
[[0.11825015]]
[[8.0364203e-05]]



set 2
[[0.13334237]]
[[5.27075743e-07]]
[[0.00265699]]
[[0.00058863]]



set 3
[[0.98534845]]
[[0.00082343]]
[[0.05417935]]
[[0.06840279]]



set 4
[[0.00042447]]
[[4.2819041e-07]]
[[0.45915784]]
[[0.4729477]]



set 5
[[7.91040139e-05]]
[[0.04648346]]
[[0.9349302]]
[[0.99760589]]



set 6
[[0.01491371]]
[[0.01526404]]
[[0.99123039]]
[[0.99832347]]



set 7
[[0.00170182]]
[[0.0012357]]
[[0.99405149]]
[[0.99989142]]



set 8
[[0.16455272]]
[[0.04111763]]
[[0.9817829]]
[[0.99999642]]



set 9
[[0.99995489]]
[[0.47565635]]
[[0.99982097]]
[[0.99975672]]



set 10
[[0.96755484]]
[[0.99433556]]
[[0.99982958]]
[[0.99964112]]



set 11
[[0.00450463]]
[[0.03237544]]
[[0.89731827]]
[[0.99902851]]



set 12
[[0.00445709]]
[[0.98547417]]
[[0.97614299]]
[[0.99935185]]



set 13
[[0.82029863]]
[[0.0001588]]
[[0.99280259]]
[[0.99735786]]



set 14
[[0.12913961]]
[[0.00118335]]
[[0.59068683]]
[[0.91810734]]



set 15
[[0.01255627]]
[[0.00786405]]
[[0.91383884]]
[[0.99903641]]



set 16
[[0.87211464]]
[[0.25528212]]
[[0.92025961]]
[[0.99866558]]



set 17
[[0.05121793]]
[[0.49694612]]
[[0.21157886]]
[[0.9818827]]



set 18
[[0.83977628]]
[[0.03359666]]
[[5.88996063e-06]]
[[0.23324452]]



set 19
[[0.94254472]]
[[0.10348264]]
[[1.50222473e-05]]
[[0.55113458]]



set 20
[[0.50438777]]
[[0.4274535]]
[[4.21425238e-05]]
[[0.37473374]]



set 21
[[0.86456523]]
[[0.3109243]]
[[0.41744585]]
[[0.47535271]]



set 22
[[0.88409012]]
[[0.00046637]]
[[3.01363215e-05]]
[[0.01830256]]



set 23
[[0.85470922]]
[[0.49189101]]
[[0.0188422]]
[[0.65525603]]



set 24
[[0.74845559]]
[[0.90177439]]
[[0.01538665]]
[[0.67299928]]



set 25
[[0.94254653]]
[[0.13097501]]
[[0.65225115]]
[[0.78203742]]



set 26
[[0.88472181]]
[[0.3719776]]
[[0.16787994]]
[[0.8929235]]



set 27
[[0.90564621]]
[[0.56196665]]
[[0.08040954]]
[[0.78906722]]



set 28
[[0.97824229]]
[[0.45773065]]
[[0.13528696]]
[[0.90231777]]



set 29
[[0.99937062]]
[[0.23341202]]
[[0.33675464]]
[[0.92195976]]



set 30
[[0.49449752]]
[[0.00539462]]
[[0.03399944]]
[[0.79426985]]



set 31
[[0.88533794]]
[[0.00553411]]
[[0.01094542]]
[[0.85558388]]



set 32
[[0.99881321]]
[[0.03166685]]
[[0.14898436]]
[[0.91746727]]



set 33
[[0.99855769]]
[[0.00026848]]
[[0.1174789]]
[[0.89071578]]



set 34
[[0.97041147]]
[[7.59406401e-06]]
[[0.09054778]]
[[0.86489036]]



set 35
[[0.93471349]]
[[7.39985561e-05]]
[[0.16194626]]
[[0.08605382]]



set 36
[[0.97733065]]
[[4.25586827e-06]]
[[0.34114404]]
[[0.20160366]]



set 37
[[0.98156724]]
[[3.87541931e-07]]
[[0.45246707]]
[[0.37079366]]



set 38
[[0.99248982]]
[[0.00021876]]
[[0.44876277]]
[[0.86326877]]



set 39
[[0.99489686]]
[[9.70751333e-05]]
[[0.28617795]]
[[0.65339341]]



set 40
[[0.9811961]]
[[0.99939306]]
[[0.59128127]]
[[0.99979267]]



set 41
[[0.99805272]]
[[0.84109383]]
[[0.15461992]]
[[0.99738175]]



set 42
[[0.99019706]]
[[0.9999785]]
[[0.00373221]]
[[0.96749803]]



set 43
[[0.96692279]]
[[0.99474821]]
[[0.01061216]]
[[0.99685048]]



set 44
[[0.99514018]]
[[0.62218022]]
[[0.08567913]]
[[0.02901272]]



set 45
[[0.05737281]]
[[0.86144904]]
[[0.0479247]]
[[0.04107425]]



set 46
[[0.02862307]]
[[0.99809534]]
[[0.05114664]]
[[0.47859477]]



set 47
[[0.09379862]]
[[0.99999558]]
[[0.24895557]]
[[0.57515587]]



set 48
[[0.10160956]]
[[0.6684369]]
[[0.00935178]]
[[0.6181283]]



set 49
[[0.87982704]]
[[0.03381279]]
[[0.00410858]]
[[0.96341611]]



set 50
[[0.97862603]]
[[0.04608133]]
[[0.00311675]]
[[0.97184169]]



set 51
[[0.88717785]]
[[0.0348341]]
[[0.00358515]]
[[0.97661385]]



set 52
[[0.61754102]]
[[0.8284743]]
[[0.95697356]]
[[0.21322164]]



set 53
[[0.46285394]]
[[0.99997916]]
[[0.99343317]]
[[0.98335487]]



set 54
[[0.92653272]]
[[0.02336046]]
[[0.0408135]]
[[0.99662522]]



set 55
[[0.49670491]]
[[0.00812608]]
[[0.04262531]]
[[0.9997987]]



set 56
[[0.99835424]]
[[0.27512143]]
[[0.50185486]]
[[0.99989791]]



set 57
[[0.99558844]]
[[0.99846327]]
[[0.08906443]]
[[0.99981944]]



set 58
[[0.88837633]]
[[0.99976988]]
[[0.78624374]]
[[0.9999475]]



set 59
[[0.99983732]]
[[0.98105849]]
[[0.66332021]]
[[0.99722293]]



set 60
[[0.99996868]]
[[0.97943812]]
[[0.7319638]]
[[0.9972288]]



set 61
[[0.95531038]]
[[0.94023236]]
[[0.41792478]]
[[0.99407292]]



set 62
[[0.99995045]]
[[0.31027516]]
[[0.30275283]]
[[0.99687673]]



set 63
[[0.99981757]]
[[0.00574254]]
[[0.17108595]]
[[0.99935282]]



set 64
[[0.99989209]]
[[0.23624136]]
[[0.9242146]]
[[0.9947997]]



set 65
[[0.99995634]]
[[0.05355892]]
[[0.9430561]]
[[0.94594643]]



set 66
[[0.9999933]]
[[0.0001363]]
[[0.78912665]]
[[0.92226171]]



set 67
[[0.99631884]]
[[0.12282506]]
[[0.96310864]]
[[0.94530876]]



set 68
[[0.99856511]]
[[8.18931536e-06]]
[[0.85068296]]
[[0.79722395]]



set 69
[[0.99967751]]
[[1.82013354e-11]]
[[0.84532343]]
[[0.57692632]]



set 70
[[0.99342029]]
[[2.5796442e-08]]
[[0.42785964]]
[[0.13471937]]



set 71
[[0.49155674]]
[[1.51851955e-07]]
[[0.85094419]]
[[0.27008375]]



set 72
[[0.73507387]]
[[0.00040996]]
[[0.8830893]]
[[0.49012131]]



set 73
[[0.78954378]]
[[2.79039197e-09]]
[[0.09006872]]
[[0.21529957]]



set 74
[[0.99991544]]
[[1.40957577e-11]]
[[0.05910993]]
[[0.0613607]]



set 75
[[0.99954595]]
[[2.27014953e-10]]
[[0.35032081]]
[[0.08319671]]



set 76
[[0.76298492]]
[[1.47697752e-06]]
[[0.29789323]]
[[0.80973766]]



set 77
[[0.99093952]]
[[2.00278204e-07]]
[[0.07225114]]
[[0.99431218]]



set 78
[[0.99965797]]
[[2.39810643e-08]]
[[0.16240863]]
[[0.96992698]]



set 79
[[0.99812388]]
[[3.90686171e-10]]
[[0.03704462]]
[[0.02851226]]



set 80
[[0.96094545]]
[[1.08200323e-06]]
[[0.09238351]]
[[0.99840307]]



set 81
[[0.99985272]]
[[3.23384648e-07]]
[[0.28818762]]
[[0.99400826]]



set 82
[[0.9997207]]
[[1.37008254e-07]]
[[0.3590187]]
[[0.9935523]]



set 83
[[0.9965323]]
[[1.0969896e-07]]
[[0.39871512]]
[[0.99485752]]



set 84
[[0.9970065]]
[[2.37105962e-10]]
[[0.19913141]]
[[0.98119124]]



set 85
[[0.98610345]]
[[3.32757249e-07]]
[[0.03438286]]
[[0.99315222]]



set 86
[[0.99999544]]
[[0.01660699]]
[[0.11654734]]
[[0.09769308]]



set 87
[[0.99999874]]
[[0.02351456]]
[[0.26365897]]
[[0.31518688]]



set 88
[[0.99997501]]
[[0.01040872]]
[[0.6240384]]
[[0.90634936]]



set 89
[[0.99999176]]
[[0.50813611]]
[[0.03782787]]
[[0.63642546]]



set 90
[[0.99998546]]
[[0.77002877]]
[[0.02221126]]
[[0.73540877]]



set 91
[[0.99999673]]
[[0.00333513]]
[[0.10684933]]
[[0.9975342]]



set 92
[[0.99999692]]
[[0.00057255]]
[[0.04451194]]
[[0.99549501]]



set 93
[[0.99990134]]
[[0.29487522]]
[[0.00908644]]
[[0.99407008]]



set 94
[[0.9999793]]
[[0.78887833]]
[[0.02989991]]
[[0.99904922]]



set 95
[[0.99992513]]
[[6.0618542e-05]]
[[0.1659483]]
[[0.9998505]]



set 96
[[0.99994719]]
[[0.02759711]]
[[0.06333807]]
[[0.99984215]]



set 97
[[0.99891371]]
[[0.62061326]]
[[0.00099262]]
[[0.99708587]]



set 98
[[0.99845775]]
[[0.00028377]]
[[0.70413027]]
[[0.99881717]]



set 99
[[0.99999867]]
[[0.00219237]]
[[0.06731425]]
[[0.9739116]]



set 100
[[0.99999848]]
[[0.00509258]]
[[0.89601597]]
[[0.99978152]]



set 101
[[0.99999959]]
[[0.00396654]]
[[0.02423911]]
[[0.94592397]]



set 102
[[0.99999975]]
[[0.13514331]]
[[0.0375151]]
[[0.9704816]]



set 103
[[0.99996276]]
[[0.36267962]]
[[0.42063943]]
[[0.99996711]]



set 104
[[0.99975042]]
[[3.2688897e-05]]
[[0.99325]]
[[0.97539588]]



set 105
[[0.99998806]]
[[0.03599113]]
[[0.87982067]]
[[0.99994347]]



set 106
[[0.99866599]]
[[0.16050069]]
[[0.77428017]]
[[0.99998179]]



set 107
[[0.99677808]]
[[0.01950795]]
[[0.09894672]]
[[0.98361508]]



set 108
[[0.99996037]]
[[0.48067671]]
[[0.67791054]]
[[0.99999181]]



set 109
[[0.99999982]]
[[0.05728765]]
[[0.88911339]]
[[0.99865223]]



set 110
[[0.99747025]]
[[0.01836525]]
[[0.00178798]]
[[0.39426326]]



set 111
[[0.98508408]]
[[0.01313376]]
[[0.00187198]]
[[0.99945511]]



set 112
[[0.99999126]]
[[0.24072097]]
[[0.53250376]]
[[0.99986242]]



set 113
[[0.99921348]]
[[0.98299765]]
[[0.99244868]]
[[0.99976713]]



set 114
[[0.83767453]]
[[4.62685708e-07]]
[[0.1941148]]
[[0.70718994]]



set 115
[[0.98843054]]
[[1.96710104e-07]]
[[0.02166799]]
[[0.00713]]



set 116
[[0.5234841]]
[[0.00469928]]
[[0.9990914]]
[[0.99996992]]



set 117
[[0.97154821]]
[[2.84836255e-06]]
[[0.99898119]]
[[0.99997896]]



set 118
[[0.99997561]]
[[2.32622534e-05]]
[[0.36858428]]
[[0.99973015]]



set 119
[[0.99586966]]
[[7.38944673e-08]]
[[0.01524249]]
[[0.00031572]]



set 120
[[0.99951853]]
[[0.030895]]
[[0.86010853]]
[[0.99966352]]



set 121
[[0.99996195]]
[[0.05890705]]
[[0.98343966]]
[[0.99972823]]



set 122
[[0.99999767]]
[[0.00014681]]
[[0.98014257]]
[[0.99991879]]



set 123
[[0.9999894]]
[[0.0983181]]
[[0.99956229]]
[[0.99935985]]



set 124
[[0.99998911]]
[[2.63793646e-07]]
[[0.22815344]]
[[0.99999395]]



set 125
[[0.99994916]]
[[6.32269514e-06]]
[[0.02040981]]
[[0.99996347]]



set 126
[[0.99994349]]
[[0.00644953]]
[[0.58390117]]
[[0.99990402]]



set 127
[[0.99997477]]
[[2.03090406e-05]]
[[0.02692097]]
[[0.99996684]]



set 128
[[0.99997633]]
[[0.0022025]]
[[0.06050449]]
[[0.78191965]]



set 129
[[0.99999984]]
[[0.09180722]]
[[0.22863209]]
[[0.9999903]]



set 130
[[0.99984281]]
[[4.65644794e-06]]
[[0.52458303]]
[[0.99997549]]



set 131
[[0.99996351]]
[[1.47002759e-05]]
[[0.54306175]]
[[0.99970965]]



set 132
[[0.99999858]]
[[0.01548082]]
[[0.20303265]]
[[0.99667729]]



set 133
[[0.9999992]]
[[0.00054661]]
[[0.39652507]]
[[0.98063467]]



set 134
[[0.99990433]]
[[0.03198822]]
[[0.99912323]]
[[0.99999981]]



set 135
[[0.99989397]]
[[0.00013949]]
[[0.99797009]]
[[0.99999953]]



set 136
[[0.99999042]]
[[0.00320111]]
[[0.99386832]]
[[0.9999986]]



set 137
[[0.99999991]]
[[0.00019589]]
[[0.60544645]]
[[0.97871144]]



set 138
[[0.9999996]]
[[0.0040198]]
[[0.00723428]]
[[0.01098653]]



set 139
[[0.99999945]]
[[0.00037519]]
[[0.64798781]]
[[0.9990147]]



set 140
[[0.99999938]]
[[0.00023091]]
[[0.08219852]]
[[0.9745732]]



set 141
[[0.99999772]]
[[1.25111829e-05]]
[[0.85741958]]
[[0.99954582]]



set 142
[[0.99999703]]
[[0.00047508]]
[[0.015407]]
[[0.7556138]]



set 143
[[0.99999843]]
[[0.02279567]]
[[0.02931538]]
[[0.83888175]]



set 144
[[0.99837584]]
[[0.00067664]]
[[0.02669415]]
[[0.79674667]]



set 145
[[0.99999842]]
[[0.00517018]]
[[0.08695157]]
[[0.99682192]]



set 146
[[0.99999123]]
[[0.00116434]]
[[0.17043092]]
[[0.96168023]]



set 147
[[0.99999155]]
[[0.00283597]]
[[0.20915889]]
[[0.99990091]]



set 148
[[0.99997431]]
[[0.93895978]]
[[0.98490542]]
[[0.99994869]]



set 149
[[0.9999586]]
[[0.99944488]]
[[0.97572345]]
[[0.99989771]]



set 150
[[0.99999765]]
[[0.09833019]]
[[0.80843951]]
[[0.9987686]]



set 151
[[0.99997374]]
[[0.02264369]]
[[0.75878244]]
[[0.99990397]]



set 152
[[0.99999737]]
[[2.44132377e-05]]
[[0.18757787]]
[[0.28890858]]



set 153
[[0.99999154]]
[[7.10472803e-05]]
[[0.04596838]]
[[0.04231002]]



set 154
[[0.99999729]]
[[0.00141299]]
[[0.06737342]]
[[0.09488283]]



set 155
[[0.99999645]]
[[0.01909882]]
[[0.71127749]]
[[0.99908842]]



set 156
[[0.99999489]]
[[0.00038144]]
[[0.03703643]]
[[0.12959801]]



set 157
[[0.99999874]]
[[0.00039908]]
[[0.05940712]]
[[0.25776179]]



set 158
[[0.99998586]]
[[3.62302573e-05]]
[[0.01630808]]
[[2.88643906e-05]]



set 159
[[0.9999799]]
[[0.00073141]]
[[0.0140608]]
[[0.00545347]]



set 160
[[0.99507162]]
[[0.99552063]]
[[0.97702377]]
[[0.99999833]]



set 161
[[0.99999987]]
[[0.00655334]]
[[0.01249192]]
[[0.99973675]]



set 162
[[0.99985839]]
[[0.00066495]]
[[0.00331213]]
[[0.9960933]]



set 163
[[0.99948994]]
[[0.99827413]]
[[0.99952704]]
[[0.99998086]]



set 164
[[0.99999991]]
[[0.20138124]]
[[0.31110084]]
[[0.9989722]]



set 165
[[0.99999995]]
[[8.71972087e-05]]
[[0.01049336]]
[[0.9463335]]



set 166
[[1.]]
[[2.73511933e-06]]
[[0.47260625]]
[[0.97173889]]



set 167
[[1.]]
[[0.00015854]]
[[0.01092574]]
[[0.98516994]]



set 168
[[0.9999998]]
[[6.79262787e-05]]
[[0.86510441]]
[[0.99207835]]



set 169
[[0.99999908]]
[[3.57705687e-05]]
[[0.83195053]]
[[0.97675116]]



set 170
[[0.99999803]]
[[0.00237093]]
[[0.23718634]]
[[0.95091158]]



set 171
[[0.99999507]]
[[0.00065551]]
[[0.85319159]]
[[0.98721371]]



set 172
[[0.99999845]]
[[8.97375957e-05]]
[[0.05065891]]
[[0.86740497]]



set 173
[[0.99999834]]
[[0.00072208]]
[[0.03716068]]
[[0.87287597]]



set 174
[[0.99999945]]
[[0.00366176]]
[[0.04860977]]
[[0.91212206]]



set 175
[[0.99999982]]
[[0.4790547]]
[[0.08499531]]
[[0.99991381]]



set 176
[[0.99999849]]
[[0.01058559]]
[[0.05104092]]
[[0.59004439]]



set 177
[[0.99999997]]
[[0.00499056]]
[[0.99917924]]
[[0.99999467]]



set 178
[[0.99999997]]
[[0.82349502]]
[[0.99997487]]
[[0.99998681]]



set 179
[[0.99999925]]
[[0.12582368]]
[[0.99998883]]
[[0.99999375]]



set 180
[[0.99915329]]
[[0.02934988]]
[[0.92104626]]
[[0.99999955]]



set 181
[[0.99999619]]
[[0.00164938]]
[[0.0131514]]
[[0.99998665]]



set 182
[[0.99986785]]
[[0.04910907]]
[[0.01788774]]
[[0.99945833]]



set 183
[[0.99994756]]
[[0.00791962]]
[[0.01382873]]
[[0.99934546]]



set 184
[[0.99999995]]
[[0.79302427]]
[[0.99999917]]
[[0.9999992]]



set 185
[[0.9999348]]
[[0.00948659]]
[[0.01174143]]
[[0.93605015]]



set 186
[[0.99997573]]
[[0.26407309]]
[[0.99999144]]
[[0.99999934]]



set 187
[[0.99918104]]
[[0.99449774]]
[[0.99999656]]
[[0.99999449]]



set 188
[[0.999712]]
[[0.98632855]]
[[0.99996983]]
[[0.99999886]]



set 189
[[0.99996581]]
[[0.99852875]]
[[0.9999785]]
[[0.99999855]]



set 190
[[0.99999921]]
[[0.01672249]]
[[0.09966506]]
[[0.99961234]]



set 191
[[0.99999998]]
[[0.67308222]]
[[0.35506831]]
[[0.99986407]]



set 192
[[0.99999998]]
[[0.03961119]]
[[0.99975273]]
[[0.99998716]]



set 193
[[0.99999999]]
[[0.15388939]]
[[0.9998178]]
[[0.99999238]]



set 194
[[0.99999586]]
[[0.36095842]]
[[0.91826678]]
[[0.99955633]]



set 195
[[0.99999567]]
[[0.38708009]]
[[0.95814635]]
[[0.99980243]]



set 196
[[0.99999971]]
[[0.62957502]]
[[0.61502692]]
[[0.99946204]]



set 197
[[0.97823122]]
[[0.00150509]]
[[0.25191759]]
[[0.00291266]]



set 198
[[0.99999786]]
[[0.93422432]]
[[0.37689118]]
[[0.99361477]]



set 199
[[1.]]
[[0.97549653]]
[[0.99999609]]
[[0.99999126]]



set 200
[[0.99992861]]
[[0.35323138]]
[[0.99999937]]
[[0.99998279]]

	.
	.
	.
	.
	.
	.
	.
	.

set 800
[[0.99546671]]
[[0.01177641]]
[[0.01674448]]
[[0.99986911]]



set 801
[[0.99642229]]
[[0.01100898]]
[[0.0111385]]
[[0.99985859]]



set 802
[[0.9963903]]
[[0.01014077]]
[[0.00723972]]
[[0.99983785]]



set 803
[[0.99674768]]
[[0.00935702]]
[[0.00541313]]
[[0.9998147]]



set 804
[[0.98815814]]
[[0.00603906]]
[[0.00057262]]
[[0.99948846]]



set 805
[[0.99767735]]
[[0.00621465]]
[[9.65199831e-05]]
[[0.99891697]]



set 806
[[0.99448401]]
[[0.00643804]]
[[9.73354061e-05]]
[[0.99901095]]



set 807
[[0.97101503]]
[[0.00666497]]
[[0.00053189]]
[[0.99946412]]



set 808
[[0.96406643]]
[[0.00671357]]
[[0.00047756]]
[[0.99943965]]



set 809
[[0.97294476]]
[[0.00691879]]
[[0.00063149]]
[[0.99948775]]



set 810
[[0.98578958]]
[[0.00658203]]
[[0.00114573]]
[[0.99958027]]



set 811
[[0.98339347]]
[[0.0069827]]
[[0.00099574]]
[[0.99955766]]



set 812
[[0.99674347]]
[[0.00582291]]
[[0.00240573]]
[[0.99971105]]



set 813
[[0.99656338]]
[[0.00937051]]
[[0.01015304]]
[[0.9998649]]



set 814
[[0.99691939]]
[[0.00655607]]
[[0.00605411]]
[[0.99983707]]



set 815
[[0.99774618]]
[[0.00576552]]
[[0.00284301]]
[[0.99976525]]



set 816
[[0.9950397]]
[[0.00624842]]
[[0.0019082]]
[[0.99971457]]



set 817
[[0.97810811]]
[[0.00552702]]
[[0.15530212]]
[[0.9998552]]



set 818
[[0.9833548]]
[[0.00555195]]
[[0.02895195]]
[[0.99987455]]



set 819
[[0.99247565]]
[[0.00736898]]
[[0.015643]]
[[0.99987359]]



set 820
[[0.99639391]]
[[0.01273068]]
[[0.00906261]]
[[0.99986977]]



set 821
[[0.99722939]]
[[0.01931517]]
[[0.00649653]]
[[0.99986255]]



set 822
[[0.99967302]]
[[0.0621536]]
[[0.00126119]]
[[0.9997894]]



set 823
[[0.99527074]]
[[0.01222657]]
[[0.0001593]]
[[0.99957509]]



set 824
[[0.99828484]]
[[0.02157697]]
[[0.00045695]]
[[0.99969445]]



set 825
[[0.99595041]]
[[0.01093333]]
[[0.00026475]]
[[0.99963209]]



set 826
[[0.99465938]]
[[0.00888836]]
[[0.00018363]]
[[0.99958432]]



set 827
[[0.99505871]]
[[0.00950585]]
[[0.00021681]]
[[0.99960434]]



set 828
[[0.99531174]]
[[0.00944731]]
[[0.00024131]]
[[0.99961731]]



set 829
[[0.99546565]]
[[0.00934984]]
[[0.00028278]]
[[0.99963154]]



set 830
[[0.9934809]]
[[0.00540772]]
[[0.00016561]]
[[0.99956484]]



set 831
[[0.99351029]]
[[0.00589834]]
[[0.00019446]]
[[0.99958513]]



set 832
[[0.99307182]]
[[0.00543808]]
[[0.00022067]]
[[0.9995975]]



set 833
[[0.99441947]]
[[0.00619172]]
[[0.00029016]]
[[0.99963283]]



set 834
[[0.99945134]]
[[0.03197508]]
[[0.00123062]]
[[0.99977475]]



set 835
[[0.99859664]]
[[0.00830919]]
[[0.00061557]]
[[0.99971035]]



set 836
[[0.99451847]]
[[0.00247672]]
[[0.00023789]]
[[0.99960365]]



set 837
[[0.99466973]]
[[0.00263694]]
[[0.00026318]]
[[0.99961551]]



set 838
[[0.99472678]]
[[0.00276993]]
[[0.00027569]]
[[0.99962264]]



set 839
[[0.99393016]]
[[0.00253395]]
[[0.00027636]]
[[0.99961943]]



set 840
[[0.99397963]]
[[0.00250677]]
[[0.00029957]]
[[0.99962774]]



set 841
[[0.99322159]]
[[0.00225968]]
[[0.00029334]]
[[0.99962281]]



set 842
[[0.9925371]]
[[0.0020825]]
[[0.00027454]]
[[0.99961552]]



set 843
[[0.99086448]]
[[0.00163878]]
[[0.00018831]]
[[0.99956784]]



set 844
[[0.99070016]]
[[0.0016445]]
[[0.00018834]]
[[0.99956855]]



set 845
[[0.99058846]]
[[0.00195378]]
[[0.00026327]]
[[0.99960907]]



set 846
[[0.99191583]]
[[0.00264193]]
[[0.00036087]]
[[0.99964942]]



set 847
[[0.99062765]]
[[0.00233244]]
[[0.0003268]]
[[0.99963665]]



set 848
[[0.99094303]]
[[0.00252844]]
[[0.0003684]]
[[0.99965195]]



set 849
[[0.99173522]]
[[0.00279797]]
[[0.00045307]]
[[0.9996758]]



set 850
[[0.99121942]]
[[0.00295832]]
[[0.00045312]]
[[0.99967613]]



set 851
[[0.98954376]]
[[0.00279317]]
[[0.00039562]]
[[0.99966086]]



set 852
[[0.99047949]]
[[0.00330804]]
[[0.00047802]]
[[0.99968399]]



set 853
[[0.990571]]
[[0.00384716]]
[[0.00051475]]
[[0.99969292]]



set 854
[[0.98919221]]
[[0.00387628]]
[[0.00046896]]
[[0.99968391]]



set 855
[[0.98985428]]
[[0.00441694]]
[[0.00054874]]
[[0.99970237]]



set 856
[[0.99244971]]
[[0.00526074]]
[[0.0007811]]
[[0.99974159]]



set 857
[[0.99611838]]
[[0.00505038]]
[[0.00125707]]
[[0.99978684]]



set 858
[[0.99478725]]
[[0.00450852]]
[[0.00111242]]
[[0.9997773]]



set 859
[[0.99076705]]
[[0.00406478]]
[[0.00080507]]
[[0.99974692]]



set 860
[[0.99263962]]
[[0.00445287]]
[[0.00100207]]
[[0.99976681]]



set 861
[[0.99055694]]
[[0.00427784]]
[[0.00091285]]
[[0.99975732]]



set 862
[[0.99139507]]
[[0.00447657]]
[[0.00100251]]
[[0.99976673]]



set 863
[[0.98760317]]
[[0.00351058]]
[[0.00076585]]
[[0.99974308]]



set 864
[[0.99060573]]
[[0.00335702]]
[[0.00090723]]
[[0.99976492]]



set 865
[[0.99050592]]
[[0.00326155]]
[[0.00087783]]
[[0.99976381]]



set 866
[[0.99145142]]
[[0.00356405]]
[[0.00102592]]
[[0.9997771]]



set 867
[[0.99009371]]
[[0.0035575]]
[[0.00093572]]
[[0.99976926]]



set 868
[[0.99105046]]
[[0.00403445]]
[[0.0011211]]
[[0.99978385]]



set 869
[[0.99006418]]
[[0.00390293]]
[[0.0010987]]
[[0.99978118]]



set 870
[[0.98695969]]
[[0.00376]]
[[0.00095069]]
[[0.99976892]]



set 871
[[0.98826584]]
[[0.00416627]]
[[0.00109353]]
[[0.99978182]]



set 872
[[0.98867963]]
[[0.00464122]]
[[0.00120925]]
[[0.99978905]]



set 873
[[0.98716439]]
[[0.00491592]]
[[0.0011325]]
[[0.9997844]]



set 874
[[0.986213]]
[[0.0047253]]
[[0.00109239]]
[[0.99978136]]



set 875
[[0.98252206]]
[[0.00440589]]
[[0.00087597]]
[[0.99976304]]



set 876
[[0.98654953]]
[[0.0048371]]
[[0.00116135]]
[[0.99978896]]



set 877
[[0.98386712]]
[[0.00471514]]
[[0.00105272]]
[[0.99978018]]



set 878
[[0.98480158]]
[[0.00459841]]
[[0.00117047]]
[[0.99978883]]



set 879
[[0.98517695]]
[[0.00477167]]
[[0.00121855]]
[[0.99979241]]



set 880
[[0.98810379]]
[[0.00554333]]
[[0.00159171]]
[[0.99981302]]



set 881
[[0.98463554]]
[[0.00575506]]
[[0.00136403]]
[[0.99980266]]



set 882
[[0.98162129]]
[[0.00528856]]
[[0.0012565]]
[[0.99979509]]



set 883
[[0.98415728]]
[[0.00581258]]
[[0.00144881]]
[[0.99980759]]



set 884
[[0.98426338]]
[[0.00635174]]
[[0.00147681]]
[[0.99981036]]



set 885
[[0.98888654]]
[[0.00719956]]
[[0.00197155]]
[[0.99982997]]



set 886
[[0.98965802]]
[[0.00778336]]
[[0.00213934]]
[[0.99983688]]



set 887
[[0.98742661]]
[[0.00804365]]
[[0.00201255]]
[[0.99983209]]



set 888
[[0.98923836]]
[[0.00846564]]
[[0.00244959]]
[[0.99984308]]



set 889
[[0.98882579]]
[[0.00830229]]
[[0.00244052]]
[[0.99984385]]



set 890
[[0.98527343]]
[[0.00835629]]
[[0.00203096]]
[[0.99983365]]



set 891
[[0.98334817]]
[[0.00798102]]
[[0.00193839]]
[[0.99983239]]



set 892
[[0.9834728]]
[[0.00769529]]
[[0.00199008]]
[[0.99983486]]



set 893
[[0.98550571]]
[[0.00762007]]
[[0.00235905]]
[[0.99984364]]



set 894
[[0.97953408]]
[[0.00721083]]
[[0.00185573]]
[[0.99982886]]



set 895
[[0.98231094]]
[[0.00716361]]
[[0.00211319]]
[[0.99983773]]



set 896
[[0.97986953]]
[[0.0063357]]
[[0.00198126]]
[[0.99983373]]



set 897
[[0.97866254]]
[[0.00619309]]
[[0.00197663]]
[[0.99983423]]



set 898
[[0.98984923]]
[[0.00603076]]
[[0.00377458]]
[[0.99987014]]



set 899
[[0.9874252]]
[[0.00536726]]
[[0.00344502]]
[[0.99986599]]



set 900
[[0.98435417]]
[[0.00522618]]
[[0.00301576]]
[[0.99986181]]



set 901
[[0.98918225]]
[[0.00481178]]
[[0.00400964]]
[[0.99987646]]



set 902
[[0.98174615]]
[[0.00448205]]
[[0.00282149]]
[[0.99985907]]



set 903
[[0.98439105]]
[[0.0038732]]
[[0.00336684]]
[[0.99986713]]



set 904
[[0.98528381]]
[[0.00356004]]
[[0.00359671]]
[[0.99987273]]



set 905
[[0.98255727]]
[[0.0033876]]
[[0.0033042]]
[[0.99986683]]



set 906
[[0.98126037]]
[[0.00307771]]
[[0.00306578]]
[[0.99986489]]



set 907
[[0.98055431]]
[[0.00247779]]
[[0.00290176]]
[[0.99986243]]



set 908
[[0.98274751]]
[[0.00223938]]
[[0.00346156]]
[[0.99987133]]



set 909
[[0.98186083]]
[[0.00202489]]
[[0.00345141]]
[[0.99986966]]



set 910
[[0.98656235]]
[[0.00119569]]
[[0.0050929]]
[[0.99988425]]



set 911
[[0.98349274]]
[[0.00089139]]
[[0.00439585]]
[[0.99987658]]



set 912
[[0.9815672]]
[[0.0007933]]
[[0.00414594]]
[[0.99987261]]



set 913
[[0.99053086]]
[[0.00067815]]
[[0.00801256]]
[[0.99990255]]



set 914
[[0.98622607]]
[[0.00057526]]
[[0.00626922]]
[[0.99989273]]



set 915
[[0.98454826]]
[[0.00048537]]
[[0.00574991]]
[[0.99988945]]



set 916
[[0.98312865]]
[[0.0004744]]
[[0.00539069]]
[[0.99988737]]



set 917
[[0.98970947]]
[[0.0003164]]
[[0.00921149]]
[[0.99990628]]



set 918
[[0.98316368]]
[[8.59495072e-05]]
[[0.00703172]]
[[0.99991055]]



set 919
[[0.98873342]]
[[8.66227848e-05]]
[[0.01006785]]
[[0.99992231]]



set 920
[[0.98808274]]
[[8.34918112e-05]]
[[0.00923982]]
[[0.9999208]]



set 921
[[0.98849011]]
[[7.43876503e-05]]
[[0.00907721]]
[[0.99992114]]



set 922
[[0.9835135]]
[[7.76747796e-05]]
[[0.00632352]]
[[0.99991117]]



set 923
[[0.98906779]]
[[7.99268622e-05]]
[[0.00928697]]
[[0.99992325]]



set 924
[[0.98575241]]
[[8.86815454e-05]]
[[0.00689035]]
[[0.99991666]]



set 925
[[0.99186251]]
[[0.00010152]]
[[0.011763]]
[[0.99993278]]



set 926
[[0.9900343]]
[[0.00011001]]
[[0.00944377]]
[[0.99992866]]



set 927
[[0.98769574]]
[[0.00012428]]
[[0.00782121]]
[[0.99992601]]



set 928
[[0.98751931]]
[[0.00015392]]
[[0.00900702]]
[[0.99993116]]



set 929
[[0.98442244]]
[[0.00015143]]
[[0.00783243]]
[[0.99992698]]



set 930
[[0.98892524]]
[[0.00014925]]
[[0.01203301]]
[[0.9999365]]



set 931
[[0.98981748]]
[[0.00014952]]
[[0.01494423]]
[[0.99994051]]



set 932
[[0.99067107]]
[[0.00014894]]
[[0.01734864]]
[[0.9999426]]



set 933
[[0.99127247]]
[[0.00014852]]
[[0.01852587]]
[[0.99994357]]



set 934
[[0.98821841]]
[[0.00015264]]
[[0.01288721]]
[[0.9999373]]



set 935
[[0.99040077]]
[[0.0001677]]
[[0.01615353]]
[[0.99994214]]



set 936
[[0.99072857]]
[[0.0001907]]
[[0.01591835]]
[[0.9999431]]



set 937
[[0.98455586]]
[[0.0001909]]
[[0.00637864]]
[[0.99992133]]



set 938
[[0.98356252]]
[[0.00020013]]
[[0.00518546]]
[[0.99991776]]



set 939
[[0.98506475]]
[[0.00022042]]
[[0.0053548]]
[[0.99991992]]



set 940
[[0.98735268]]
[[0.00022934]]
[[0.00804787]]
[[0.99993027]]



set 941
[[0.98854872]]
[[0.00023016]]
[[0.00948982]]
[[0.99993393]]



set 942
[[0.98713856]]
[[0.00023805]]
[[0.00723207]]
[[0.99992813]]



set 943
[[0.99034255]]
[[0.00025988]]
[[0.01206486]]
[[0.9999393]]



set 944
[[0.99120914]]
[[0.0002942]]
[[0.01533191]]
[[0.99994435]]



set 945
[[0.98065485]]
[[0.00042788]]
[[0.00135661]]
[[0.99987965]]



set 946
[[0.98494834]]
[[0.00035291]]
[[0.00302425]]
[[0.99990713]]



set 947
[[0.98541627]]
[[0.00038172]]
[[0.00325997]]
[[0.99990994]]



set 948
[[0.9865963]]
[[0.00037564]]
[[0.00379408]]
[[0.99991482]]



set 949
[[0.9898959]]
[[0.00035282]]
[[0.00655381]]
[[0.99992846]]



set 950
[[0.99049911]]
[[0.00032598]]
[[0.00730814]]
[[0.99993162]]



set 951
[[0.99240308]]
[[0.00038316]]
[[0.0104952]]
[[0.99994012]]



set 952
[[0.99228848]]
[[0.00038061]]
[[0.0095163]]
[[0.99993948]]



set 953
[[0.99258041]]
[[0.00041808]]
[[0.01065212]]
[[0.99994225]]



set 954
[[0.99344225]]
[[0.00038071]]
[[0.01241263]]
[[0.99994531]]



set 955
[[0.99232359]]
[[0.00035385]]
[[0.00791796]]
[[0.99993835]]



set 956
[[0.99353293]]
[[0.00032347]]
[[0.01044305]]
[[0.9999436]]



set 957
[[0.99437013]]
[[0.00031565]]
[[0.01431729]]
[[0.99994846]]



set 958
[[0.99481438]]
[[0.00029356]]
[[0.0122615]]
[[0.99994715]]



set 959
[[0.9953083]]
[[0.00029371]]
[[0.01331348]]
[[0.99994884]]



set 960
[[0.99471175]]
[[0.0002936]]
[[0.01112037]]
[[0.99994582]]



set 961
[[0.99472317]]
[[0.00031823]]
[[0.01055567]]
[[0.9999459]]



set 962
[[0.99511039]]
[[0.00035054]]
[[0.01166101]]
[[0.99994819]]



set 963
[[0.99533869]]
[[0.00035074]]
[[0.00934092]]
[[0.99994538]]



set 964
[[0.99546941]]
[[0.00035618]]
[[0.00901921]]
[[0.99994492]]



set 965
[[0.99534132]]
[[0.00035546]]
[[0.00873771]]
[[0.99994431]]



set 966
[[0.99543622]]
[[0.00033719]]
[[0.00774898]]
[[0.99994259]]



set 967
[[0.99566594]]
[[0.00033881]]
[[0.00721331]]
[[0.99994181]]



set 968
[[0.99610205]]
[[0.00033531]]
[[0.00576071]]
[[0.9999384]]



set 969
[[0.99696281]]
[[0.00034949]]
[[0.00433729]]
[[0.99993421]]



set 970
[[0.9967124]]
[[0.00035011]]
[[0.00529471]]
[[0.99993786]]



set 971
[[0.99726713]]
[[0.00035626]]
[[0.00475834]]
[[0.99993671]]



set 972
[[0.99681364]]
[[0.00035015]]
[[0.00668137]]
[[0.99994265]]



set 973
[[0.99671561]]
[[0.00034654]]
[[0.00767821]]
[[0.99994479]]



set 974
[[0.99751866]]
[[0.00033917]]
[[0.00520101]]
[[0.99993897]]



set 975
[[0.99737591]]
[[0.00033399]]
[[0.00569147]]
[[0.99994055]]



set 976
[[0.99754891]]
[[0.00034048]]
[[0.00539102]]
[[0.99993979]]



set 977
[[0.99831168]]
[[0.00033878]]
[[0.00415974]]
[[0.99993606]]



set 978
[[0.99828201]]
[[0.00033193]]
[[0.00441087]]
[[0.99993717]]



set 979
[[0.99791179]]
[[0.00032243]]
[[0.00542014]]
[[0.99994063]]



set 980
[[0.99829431]]
[[0.00032037]]
[[0.00459495]]
[[0.99993817]]



set 981
[[0.99823875]]
[[0.00031828]]
[[0.00491636]]
[[0.99993947]]



set 982
[[0.99864817]]
[[0.0003173]]
[[0.00408072]]
[[0.99993658]]



set 983
[[0.99868478]]
[[0.00031347]]
[[0.00411164]]
[[0.99993679]]



set 984
[[0.99897465]]
[[0.00031748]]
[[0.00348619]]
[[0.99993418]]



set 985
[[0.99903501]]
[[0.00031887]]
[[0.00343518]]
[[0.99993424]]



set 986
[[0.99864956]]
[[0.00031592]]
[[0.00466981]]
[[0.99993959]]



set 987
[[0.99864881]]
[[0.00032001]]
[[0.00481451]]
[[0.99994034]]



set 988
[[0.99891688]]
[[0.0003253]]
[[0.00435662]]
[[0.99993914]]



set 989
[[0.99888373]]
[[0.00032563]]
[[0.00455621]]
[[0.99993992]]



set 990
[[0.99892794]]
[[0.00032521]]
[[0.0044497]]
[[0.99993954]]



set 991
[[0.9987427]]
[[0.0003233]]
[[0.0051959]]
[[0.99994199]]



set 992
[[0.99851666]]
[[0.00032005]]
[[0.00627042]]
[[0.9999448]]



set 993
[[0.99839909]]
[[0.00031775]]
[[0.00694831]]
[[0.99994618]]



set 994
[[0.99878827]]
[[0.00031938]]
[[0.00553366]]
[[0.99994298]]



set 995
[[0.99909205]]
[[0.00032577]]
[[0.00460775]]
[[0.9999403]]



set 996
[[0.99906722]]
[[0.00032502]]
[[0.00488948]]
[[0.99994132]]



set 997
[[0.99925874]]
[[0.00033031]]
[[0.00436487]]
[[0.99993978]]



set 998
[[0.9992177]]
[[0.00033483]]
[[0.00461602]]
[[0.99994085]]



set 999
[[0.99936015]]
[[0.00034307]]
[[0.00401996]]
[[0.99993871]]



set 1000
[[0.99944793]]
[[0.00034755]]
[[0.00378741]]
[[0.99993792]]



[Finished in 843.0s]